Br spherical harmonics coeffs
135 0 0
1 0 +4.76722e+00 +0.00000e+00
1 1 +9.05468e-01 +9.98030e-01
2 0 -9.53475e-02 +0.00000e+00
2 1 +7.68906e-01 -8.15828e-01
2 2 -1.91304e-01 +1.20608e+00
3 0 +4.52916e+00 +0.00000e+00
3 1 +9.43915e-01 -6.11886e-01
3 2 +4.78953e-01 +1.46737e+00
3 3 -7.90949e-01 -2.14746e-01
4 0 +3.91152e-01 +0.00000e+00
4 1 -2.19061e-01 -3.47410e-01
4 2 -5.40835e-01 +8.11749e-01
4 3 -1.03880e+00 -9.61923e-01
4 4 +1.42991e+00 -7.16838e-01
5 0 +2.54865e+00 +0.00000e+00
5 1 -7.96543e-01 -6.48436e-01
5 2 -1.68807e-01 -4.56032e-04
5 3 -9.18627e-01 -4.47872e-01
5 4 +6.92671e-01 -1.55830e+00
5 5 +9.65864e-01 +5.72878e-01
6 0 -1.60115e-01 +0.00000e+00
6 1 -7.15864e-01 +5.10441e-02
6 2 +4.71154e-01 -1.00878e+00
6 3 -2.46567e-01 +1.04654e-01
6 4 +8.11604e-01 -3.14765e-01
6 5 +1.61346e+00 +6.85947e-01
6 6 -9.63503e-01 +1.22160e+00
7 0 -5.64704e-01 +0.00000e+00
7 1 +2.23282e-01 -2.69167e-01
7 2 -3.20513e-01 -9.14433e-01
7 3 +7.86956e-01 +2.53278e-01
7 4 +1.04641e+00 -1.42854e-01
7 5 +1.22760e+00 +1.58397e+00
7 6 -1.12740e+00 +7.98474e-01
7 7 -3.68642e-01 -2.00635e-01
8 0 -2.92132e-01 +0.00000e+00
8 1 +5.99447e-01 -4.43885e-02
8 2 -6.78308e-01 -2.88986e-02
8 3 +8.19974e-01 +2.27751e-02
8 4 -8.50050e-03 +7.61625e-01
8 5 -6.39924e-02 -1.46288e-01
8 6 -1.41612e+00 +1.10014e+00
8 7 -9.71164e-01 -1.63342e+00
8 8 +1.27933e-01 -2.27073e-02
9 0 -1.09924e+00 +0.00000e+00
9 1 +5.35827e-01 -2.80047e-01
9 2 +3.80456e-01 +5.57288e-01
9 3 +4.20192e-01 +5.65769e-01
9 4 -8.15655e-01 +1.23713e+00
9 5 -6.44251e-01 -5.47746e-01
9 6 -5.02978e-01 +2.23158e-01
9 7 -9.53523e-01 -1.14592e+00
9 8 +8.92970e-01 -4.85348e-01
9 9 +5.74936e-01 +5.08879e-01
10 0 +8.24768e-02 +0.00000e+00
10 1 -1.49889e-01 +1.85729e-01
10 2 +9.10098e-02 +3.73218e-01
10 3 -3.82965e-01 -5.86457e-01
10 4 -2.61171e-01 +3.56947e-01
10 5 -5.40407e-01 -4.96952e-01
10 6 +6.16454e-01 -4.49204e-01
10 7 -3.05894e-01 -4.21650e-01
10 8 +1.17520e+00 -1.12817e+00
10 9 +8.38397e-01 +2.19114e-01
10 10 -3.62735e-01 +4.41105e-01
11 0 -1.81514e-01 +0.00000e+00
11 1 -5.13955e-01 +1.35287e-01
11 2 -2.61384e-01 -3.24796e-01
11 3 -7.64314e-01 -1.59334e-01
11 4 +3.34929e-01 -8.37523e-01
11 5 -1.03840e+00 -4.33820e-01
11 6 +5.32983e-01 -9.09469e-01
11 7 +1.19761e-01 -1.62715e-01
11 8 +7.62466e-01 -7.71624e-01
11 9 +1.11050e+00 +1.78109e+00
11 10 -1.76646e+00 +4.44065e-01
11 11 -1.91944e-02 -5.09947e-01
12 0 +3.95191e-01 +0.00000e+00
12 1 -2.67255e-01 +2.94393e-01
12 2 +2.00835e-01 -2.26626e-01
12 3 +5.32217e-02 +5.48948e-01
12 4 +5.68926e-03 -9.53788e-01
12 5 +1.32092e-01 +9.80673e-02
12 6 +1.06604e+00 -5.52532e-01
12 7 +5.61519e-01 +6.84286e-01
12 8 -2.63963e-01 -8.64377e-02
12 9 +1.13786e+00 +7.57284e-01
12 10 -1.49206e+00 +6.81565e-01
12 11 -2.97739e-01 -8.07585e-01
12 12 +9.96976e-01 -5.91584e-03
13 0 -9.37291e-01 +0.00000e+00
13 1 +4.04890e-01 +1.40042e-02
13 2 -8.05009e-02 -8.57547e-01
13 3 +5.49374e-01 -4.96554e-02
13 4 +1.06832e-01 -6.68423e-01
13 5 +8.21999e-01 +3.49410e-01
13 6 +4.35997e-02 -1.27954e-01
13 7 +7.98642e-01 +8.75570e-01
13 8 -8.16036e-01 +1.10694e+00
13 9 +5.12671e-02 -5.04130e-01
13 10 -1.06829e+00 +1.12535e+00
13 11 -1.01256e+00 -1.29550e+00
13 12 +1.00930e+00 -6.45804e-01
13 13 +8.87488e-02 +1.49570e-01
14 0 -3.46146e-02 +0.00000e+00
14 1 +2.11300e-01 -3.67604e-02
14 2 -5.31948e-01 +1.96573e-01
14 3 +7.21505e-01 +6.79497e-02
14 4 -4.57103e-02 -4.54473e-02
14 5 -2.48839e-02 -1.45522e-02
14 6 -1.65289e-01 +1.20083e+00
14 7 -3.05640e-01 -1.62391e-01
14 8 -6.59561e-01 +6.18280e-01
14 9 -3.29451e-01 -4.40396e-01
14 10 -2.93084e-01 -1.11684e-01
14 11 -7.78559e-01 -1.25457e+00
14 12 +1.53538e+00 -1.48755e-01
14 13 -2.18628e-01 +3.50993e-01
14 14 -1.31544e-01 +3.81039e-01
15 0 -2.38249e-01 +0.00000e+00
15 1 +5.28981e-01 -4.37055e-01
15 2 +2.84589e-01 +4.68059e-01
15 3 +3.22383e-01 -2.92714e-01
15 4 +2.95009e-01 +1.20487e+00
15 5 -5.53341e-01 -8.08475e-01
15 6 -3.62481e-01 +9.38205e-01
15 7 -6.47490e-01 -4.75604e-01
15 8 -2.40438e-01 +9.30933e-02
15 9 -6.83076e-01 -1.16183e+00
15 10 +9.19841e-01 -2.08985e-01
15 11 -6.85152e-01 -4.63025e-01
15 12 +1.82218e+00 -1.14791e+00
15 13 +3.33605e-01 +1.49513e+00
15 14 -1.37908e+00 +3.64399e-01
15 15 +4.00940e-01 -1.57832e-01

1 0 +0.00000e+00 +0.00000e+00
1 1 +0.00000e+00 +0.00000e+00
2 0 +0.00000e+00 +0.00000e+00
2 1 +0.00000e+00 +0.00000e+00
2 2 +0.00000e+00 +0.00000e+00
3 0 +0.00000e+00 +0.00000e+00
3 1 +0.00000e+00 +0.00000e+00
3 2 +0.00000e+00 +0.00000e+00
3 3 +0.00000e+00 +0.00000e+00
4 0 +0.00000e+00 +0.00000e+00
4 1 +0.00000e+00 +0.00000e+00
4 2 +0.00000e+00 +0.00000e+00
4 3 +0.00000e+00 +0.00000e+00
4 4 +0.00000e+00 +0.00000e+00
5 0 +0.00000e+00 +0.00000e+00
5 1 +0.00000e+00 +0.00000e+00
5 2 +0.00000e+00 +0.00000e+00
5 3 +0.00000e+00 +0.00000e+00
5 4 +0.00000e+00 +0.00000e+00
5 5 +0.00000e+00 +0.00000e+00
6 0 +0.00000e+00 +0.00000e+00
6 1 +0.00000e+00 +0.00000e+00
6 2 +0.00000e+00 +0.00000e+00
6 3 +0.00000e+00 +0.00000e+00
6 4 +0.00000e+00 +0.00000e+00
6 5 +0.00000e+00 +0.00000e+00
6 6 +0.00000e+00 +0.00000e+00
7 0 +0.00000e+00 +0.00000e+00
7 1 +0.00000e+00 +0.00000e+00
7 2 +0.00000e+00 +0.00000e+00
7 3 +0.00000e+00 +0.00000e+00
7 4 +0.00000e+00 +0.00000e+00
7 5 +0.00000e+00 +0.00000e+00
7 6 +0.00000e+00 +0.00000e+00
7 7 +0.00000e+00 +0.00000e+00
8 0 +0.00000e+00 +0.00000e+00
8 1 +0.00000e+00 +0.00000e+00
8 2 +0.00000e+00 +0.00000e+00
8 3 +0.00000e+00 +0.00000e+00
8 4 +0.00000e+00 +0.00000e+00
8 5 +0.00000e+00 +0.00000e+00
8 6 +0.00000e+00 +0.00000e+00
8 7 +0.00000e+00 +0.00000e+00
8 8 +0.00000e+00 +0.00000e+00
9 0 +0.00000e+00 +0.00000e+00
9 1 +0.00000e+00 +0.00000e+00
9 2 +0.00000e+00 +0.00000e+00
9 3 +0.00000e+00 +0.00000e+00
9 4 +0.00000e+00 +0.00000e+00
9 5 +0.00000e+00 +0.00000e+00
9 6 +0.00000e+00 +0.00000e+00
9 7 +0.00000e+00 +0.00000e+00
9 8 +0.00000e+00 +0.00000e+00
9 9 +0.00000e+00 +0.00000e+00
10 0 +0.00000e+00 +0.00000e+00
10 1 +0.00000e+00 +0.00000e+00
10 2 +0.00000e+00 +0.00000e+00
10 3 +0.00000e+00 +0.00000e+00
10 4 +0.00000e+00 +0.00000e+00
10 5 +0.00000e+00 +0.00000e+00
10 6 +0.00000e+00 +0.00000e+00
10 7 +0.00000e+00 +0.00000e+00
10 8 +0.00000e+00 +0.00000e+00
10 9 +0.00000e+00 +0.00000e+00
10 10 +0.00000e+00 +0.00000e+00
11 0 +0.00000e+00 +0.00000e+00
11 1 +0.00000e+00 +0.00000e+00
11 2 +0.00000e+00 +0.00000e+00
11 3 +0.00000e+00 +0.00000e+00
11 4 +0.00000e+00 +0.00000e+00
11 5 +0.00000e+00 +0.00000e+00
11 6 +0.00000e+00 +0.00000e+00
11 7 +0.00000e+00 +0.00000e+00
11 8 +0.00000e+00 +0.00000e+00
11 9 +0.00000e+00 +0.00000e+00
11 10 +0.00000e+00 +0.00000e+00
11 11 +0.00000e+00 +0.00000e+00
12 0 +0.00000e+00 +0.00000e+00
12 1 +0.00000e+00 +0.00000e+00
12 2 +0.00000e+00 +0.00000e+00
12 3 +0.00000e+00 +0.00000e+00
12 4 +0.00000e+00 +0.00000e+00
12 5 +0.00000e+00 +0.00000e+00
12 6 +0.00000e+00 +0.00000e+00
12 7 +0.00000e+00 +0.00000e+00
12 8 +0.00000e+00 +0.00000e+00
12 9 +0.00000e+00 +0.00000e+00
12 10 +0.00000e+00 +0.00000e+00
12 11 +0.00000e+00 +0.00000e+00
12 12 +0.00000e+00 +0.00000e+00
13 0 +0.00000e+00 +0.00000e+00
13 1 +0.00000e+00 +0.00000e+00
13 2 +0.00000e+00 +0.00000e+00
13 3 +0.00000e+00 +0.00000e+00
13 4 +0.00000e+00 +0.00000e+00
13 5 +0.00000e+00 +0.00000e+00
13 6 +0.00000e+00 +0.00000e+00
13 7 +0.00000e+00 +0.00000e+00
13 8 +0.00000e+00 +0.00000e+00
13 9 +0.00000e+00 +0.00000e+00
13 10 +0.00000e+00 +0.00000e+00
13 11 +0.00000e+00 +0.00000e+00
13 12 +0.00000e+00 +0.00000e+00
13 13 +0.00000e+00 +0.00000e+00
14 0 +0.00000e+00 +0.00000e+00
14 1 +0.00000e+00 +0.00000e+00
14 2 +0.00000e+00 +0.00000e+00
14 3 +0.00000e+00 +0.00000e+00
14 4 +0.00000e+00 +0.00000e+00
14 5 +0.00000e+00 +0.00000e+00
14 6 +0.00000e+00 +0.00000e+00
14 7 +0.00000e+00 +0.00000e+00
14 8 +0.00000e+00 +0.00000e+00
14 9 +0.00000e+00 +0.00000e+00
14 10 +0.00000e+00 +0.00000e+00
14 11 +0.00000e+00 +0.00000e+00
14 12 +0.00000e+00 +0.00000e+00
14 13 +0.00000e+00 +0.00000e+00
14 14 +0.00000e+00 +0.00000e+00
15 0 +0.00000e+00 +0.00000e+00
15 1 +0.00000e+00 +0.00000e+00
15 2 +0.00000e+00 +0.00000e+00
15 3 +0.00000e+00 +0.00000e+00
15 4 +0.00000e+00 +0.00000e+00
15 5 +0.00000e+00 +0.00000e+00
15 6 +0.00000e+00 +0.00000e+00
15 7 +0.00000e+00 +0.00000e+00
15 8 +0.00000e+00 +0.00000e+00
15 9 +0.00000e+00 +0.00000e+00
15 10 +0.00000e+00 +0.00000e+00
15 11 +0.00000e+00 +0.00000e+00
15 12 +0.00000e+00 +0.00000e+00
15 13 +0.00000e+00 +0.00000e+00
15 14 +0.00000e+00 +0.00000e+00
15 15 +0.00000e+00 +0.00000e+00

1 0 +0.00000e+00 +0.00000e+00
1 1 +0.00000e+00 +0.00000e+00
2 0 +0.00000e+00 +0.00000e+00
2 1 +0.00000e+00 +0.00000e+00
2 2 +0.00000e+00 +0.00000e+00
3 0 +0.00000e+00 +0.00000e+00
3 1 +0.00000e+00 +0.00000e+00
3 2 +0.00000e+00 +0.00000e+00
3 3 +0.00000e+00 +0.00000e+00
4 0 +0.00000e+00 +0.00000e+00
4 1 +0.00000e+00 +0.00000e+00
4 2 +0.00000e+00 +0.00000e+00
4 3 +0.00000e+00 +0.00000e+00
4 4 +0.00000e+00 +0.00000e+00
5 0 +0.00000e+00 +0.00000e+00
5 1 +0.00000e+00 +0.00000e+00
5 2 +0.00000e+00 +0.00000e+00
5 3 +0.00000e+00 +0.00000e+00
5 4 +0.00000e+00 +0.00000e+00
5 5 +0.00000e+00 +0.00000e+00
6 0 +0.00000e+00 +0.00000e+00
6 1 +0.00000e+00 +0.00000e+00
6 2 +0.00000e+00 +0.00000e+00
6 3 +0.00000e+00 +0.00000e+00
6 4 +0.00000e+00 +0.00000e+00
6 5 +0.00000e+00 +0.00000e+00
6 6 +0.00000e+00 +0.00000e+00
7 0 +0.00000e+00 +0.00000e+00
7 1 +0.00000e+00 +0.00000e+00
7 2 +0.00000e+00 +0.00000e+00
7 3 +0.00000e+00 +0.00000e+00
7 4 +0.00000e+00 +0.00000e+00
7 5 +0.00000e+00 +0.00000e+00
7 6 +0.00000e+00 +0.00000e+00
7 7 +0.00000e+00 +0.00000e+00
8 0 +0.00000e+00 +0.00000e+00
8 1 +0.00000e+00 +0.00000e+00
8 2 +0.00000e+00 +0.00000e+00
8 3 +0.00000e+00 +0.00000e+00
8 4 +0.00000e+00 +0.00000e+00
8 5 +0.00000e+00 +0.00000e+00
8 6 +0.00000e+00 +0.00000e+00
8 7 +0.00000e+00 +0.00000e+00
8 8 +0.00000e+00 +0.00000e+00
9 0 +0.00000e+00 +0.00000e+00
9 1 +0.00000e+00 +0.00000e+00
9 2 +0.00000e+00 +0.00000e+00
9 3 +0.00000e+00 +0.00000e+00
9 4 +0.00000e+00 +0.00000e+00
9 5 +0.00000e+00 +0.00000e+00
9 6 +0.00000e+00 +0.00000e+00
9 7 +0.00000e+00 +0.00000e+00
9 8 +0.00000e+00 +0.00000e+00
9 9 +0.00000e+00 +0.00000e+00
10 0 +0.00000e+00 +0.00000e+00
10 1 +0.00000e+00 +0.00000e+00
10 2 +0.00000e+00 +0.00000e+00
10 3 +0.00000e+00 +0.00000e+00
10 4 +0.00000e+00 +0.00000e+00
10 5 +0.00000e+00 +0.00000e+00
10 6 +0.00000e+00 +0.00000e+00
10 7 +0.00000e+00 +0.00000e+00
10 8 +0.00000e+00 +0.00000e+00
10 9 +0.00000e+00 +0.00000e+00
10 10 +0.00000e+00 +0.00000e+00
11 0 +0.00000e+00 +0.00000e+00
11 1 +0.00000e+00 +0.00000e+00
11 2 +0.00000e+00 +0.00000e+00
11 3 +0.00000e+00 +0.00000e+00
11 4 +0.00000e+00 +0.00000e+00
11 5 +0.00000e+00 +0.00000e+00
11 6 +0.00000e+00 +0.00000e+00
11 7 +0.00000e+00 +0.00000e+00
11 8 +0.00000e+00 +0.00000e+00
11 9 +0.00000e+00 +0.00000e+00
11 10 +0.00000e+00 +0.00000e+00
11 11 +0.00000e+00 +0.00000e+00
12 0 +0.00000e+00 +0.00000e+00
12 1 +0.00000e+00 +0.00000e+00
12 2 +0.00000e+00 +0.00000e+00
12 3 +0.00000e+00 +0.00000e+00
12 4 +0.00000e+00 +0.00000e+00
12 5 +0.00000e+00 +0.00000e+00
12 6 +0.00000e+00 +0.00000e+00
12 7 +0.00000e+00 +0.00000e+00
12 8 +0.00000e+00 +0.00000e+00
12 9 +0.00000e+00 +0.00000e+00
12 10 +0.00000e+00 +0.00000e+00
12 11 +0.00000e+00 +0.00000e+00
12 12 +0.00000e+00 +0.00000e+00
13 0 +0.00000e+00 +0.00000e+00
13 1 +0.00000e+00 +0.00000e+00
13 2 +0.00000e+00 +0.00000e+00
13 3 +0.00000e+00 +0.00000e+00
13 4 +0.00000e+00 +0.00000e+00
13 5 +0.00000e+00 +0.00000e+00
13 6 +0.00000e+00 +0.00000e+00
13 7 +0.00000e+00 +0.00000e+00
13 8 +0.00000e+00 +0.00000e+00
13 9 +0.00000e+00 +0.00000e+00
13 10 +0.00000e+00 +0.00000e+00
13 11 +0.00000e+00 +0.00000e+00
13 12 +0.00000e+00 +0.00000e+00
13 13 +0.00000e+00 +0.00000e+00
14 0 +0.00000e+00 +0.00000e+00
14 1 +0.00000e+00 +0.00000e+00
14 2 +0.00000e+00 +0.00000e+00
14 3 +0.00000e+00 +0.00000e+00
14 4 +0.00000e+00 +0.00000e+00
14 5 +0.00000e+00 +0.00000e+00
14 6 +0.00000e+00 +0.00000e+00
14 7 +0.00000e+00 +0.00000e+00
14 8 +0.00000e+00 +0.00000e+00
14 9 +0.00000e+00 +0.00000e+00
14 10 +0.00000e+00 +0.00000e+00
14 11 +0.00000e+00 +0.00000e+00
14 12 +0.00000e+00 +0.00000e+00
14 13 +0.00000e+00 +0.00000e+00
14 14 +0.00000e+00 +0.00000e+00
15 0 +0.00000e+00 +0.00000e+00
15 1 +0.00000e+00 +0.00000e+00
15 2 +0.00000e+00 +0.00000e+00
15 3 +0.00000e+00 +0.00000e+00
15 4 +0.00000e+00 +0.00000e+00
15 5 +0.00000e+00 +0.00000e+00
15 6 +0.00000e+00 +0.00000e+00
15 7 +0.00000e+00 +0.00000e+00
15 8 +0.00000e+00 +0.00000e+00
15 9 +0.00000e+00 +0.00000e+00
15 10 +0.00000e+00 +0.00000e+00
15 11 +0.00000e+00 +0.00000e+00
15 12 +0.00000e+00 +0.00000e+00
15 13 +0.00000e+00 +0.00000e+00
15 14 +0.00000e+00 +0.00000e+00
15 15 +0.00000e+00 +0.00000e+00

